-1.780612021684646606e-01 3.081206083297729492e-01 6.259237527847290039e-01 -6.229365989565849304e-02 -1.013017669320106506e-01
6.863901764154434204e-02 5.691829323768615723e-01 1.006601810455322266e+00 -5.364695563912391663e-02 -9.741925448179244995e-02
9.070416912436485291e-03 6.835213899612426758e-01 1.005607485771179199e+00 -7.731246761977672577e-03 1.457601971924304962e-02
-1.229281127452850342e-01 -1.885522902011871338e-01 -3.174144625663757324e-01 -3.791085258126258850e-02 4.670804142951965332e-01
-1.845402568578720093e-01 -6.212583556771278381e-02 -1.041493192315101624e-01 -1.906563043594360352e-01 2.825232148170471191e-01
1.785038560628890991e-01 -1.517672091722488403e-01 -1.017368435859680176e-01 -1.477733552455902100e-01 1.559510976076126099e-01
-1.299746632575988770e-01 2.837706208229064941e-01 9.635805487632751465e-01 -5.131151527166366577e-02 -8.643289655447006226e-02
-1.471080034971237183e-01 9.559086710214614868e-02 4.073842167854309082e-01 1.540012210607528687e-01 -1.320701651275157928e-02
-1.915671378374099731e-01 6.854377388954162598e-01 9.407211542129516602e-01 -4.055327177047729492e-02 5.924730375409126282e-02
-3.733581677079200745e-02 4.177089333534240723e-01 7.273625135421752930e-01 -8.123252540826797485e-02 -4.562032967805862427e-02
